57          104         240         1062        4004856     
48          110         321         1093        4005731     
39          138         310         1068        4006794     
64          113         392         1053        4006096     
61          133         223         1062        4006056     
39          128         382         1477        4006675     
61          127         312         2656        4006987     
67          157         293         1044        4006142     
38          103         402         1617        4005429     
38          135         307         1234        4008290     
