352         20224       174408      22033176    1.878745e+08
259         20238       172296      22856080    1.7407856e+08
154         20053       161935      21063100    1.7263495e+08
162         20306       171511      21167642    1.7182722e+08
154         20026       163782      21107955    1.7325312e+08
168         19681       167416      20950487    1.7124089e+08
154         20124       161502      20954664    1.7079092e+08
247         20192       165860      21190814    1.7059324e+08
154         19723       161966      20949315    1.7135342e+08
156         19412       162557      21243297    1.7237873e+08
